126 INDEX GRAMAHGUS.
1111111.. 11, 11 11111111111111111111. ¹

' 1111111 ..11....111111111111 1911111111. 1111111117.

ἀρκεῖν, οἷοσεῖσθαι9, 11. 10, 2. 11, 15. 229, 8. 236. 11. 212, wo, 19. 21.
17,10. 19,21. 2123. 51,15 60,11. 269, 11. 290, 11. 298,16. 611161·
111111. 11, 1. 1111. 9111. 1111111111111111.11111.
101,20.110,18.121.8.12212. 6111117σ81111νέσιᾶτφ85, 18. ποη-
129,211. 181, 6. 110, 19. 112, 8. 11111111 11,16. νοὸςνῷΠόηφ
111, 11. 111, 11. 111, 11. 1111. 111.

161, 19. 178, 18. 181, 9. 181, 8. διαπρέπειν 28, 9. 12,1. 176, 15.
189, 1. 191, 1. 200,17. 208, 7.χ 22128. 257, 16. 258, 5. mv.
209, 20. 210, 8. 211.5. 22212. 11. 289, 18. 817, 11.
219, 5. 221, 15. 280, 6. 282 9. διαπρεπής 16, 18.

11111. 1111 1111111111. 1111111111111. 1ο. 11. 1111. ‘

271, 7. 272, 17. 271, 10. 276, 1. 158, 21. 166. 22. 18218. 183, 9.
1111111, 11. 111, ,1. 191, 11. 111, 11. 111, 1ο. anamim
191, 11. 1ο9,1.11ο11.111,11. 1111.

619,1. 18. 828, 18. ἐπαρκεῖν δοθέντος 11111ροῦ 61. 1. &obtime
164‚8-303.9· ἡμέρας 201, 10. ὃν walam

111κή στρατηγίας 815, 11. καλεῖν 11 11νό Κωνσιανσίνου 81- 1

ἄρχοφύλαοχος 157, 8. 6111ασοηρόνοι298, 18.
ἄσμενίσαι 19, 7. 11111. δοηνφοηία 11, 9. 161, 8. 172, 6.
9111111· 1· 11 1 ²⁰⁸» ⁷· ..111111
ἅτοπᾹς 15, 9. 116, 2. 212, 1. ἐᾶν ἰ. 11⁰ καταλείπειν 90, 20. 101, 9.
ἅφασος 82, 11. 81, 8. 217, 12.
ὄχοις Su 71,19. 11112. 117, 20. 111111111111. 1810 60,19.
16210. 222, 18. ἑσπέρας ἄχρι 61, 8. 80, 18. 117, 8. 118, 16.
119. 1111 e 111199, 19. 111, 11. 111. 11.
mae ἄχρι Ι81181111 185, 11. &mm 190, 20. 286, 5.
1²⁰⁸ 72111118 βίον ffl' ⁷' 161911258ῳὲ...11 11
111111“11111111191,11.111.9. aa} 11181171111111
βιοτεοσιν 61, 21. 119, 21. 27122. εἶναι] σῖτον &uvea εἶναι ἐργαζο-
282, 9. 8218 μένη 156, 11. &mevulanum-
βουκολεῖν 87, 22. 259, 1. 801, 5. ἔστησε 276, 13.
παρὰ βραχὺ 11861111τώ 89,16. 11111. 11,’Δηβη111110, 16. tietb
γεφοησῐοι 216. 8. πορθμόν 16, 11.
ἐγίνοντο τῆς ἀνανεώσεως 282, 7. εἰσφέρειν εὔνοιαν 120, 1. συνεισ-
t& δάση 229, 11. , φέρειν 239, 20.
6111τοῦ μὴ παθεῖν tc 17,18.15,10. εἰσφοῆσαι ἑαυτὸν τῇ βασιλείᾳ 75 7.
11, 11. 1ο1,11. 111, 1ο. 11111. 1111111111, 11.. 1ο9,1. 1911-
188, 28. 256,11. 261, 5. 286, 5. δεδιῃνημένον 198, 7.
111, 11. 119, 19. 111, 1. ...1111- 1111. i. q. 929 11, 1. 111. 11 19.
ραθῆναι 272, 20. τῆς &woff- 27, 18. 29, 10. 16. 80,22. 87, 9.
ottae 100. 7. 89, 11. 18, 19. 61, 8. 75, 18. 78, 9.
δείκηλα 216, 7. 281,1. 119, 21.
171116151Λὸ. · ἐκθύσασθαι 77, 1.
δημοσίας ποιεῖν 161 11111111 15, 9. &mola 6812.
τοῦ δημοσίου ποιεῖν 310, 7. εἰς ἕνμ1111121,17.116,8. 155,17.191,6.
16 δημόσιρν φέρειζ 181116. δί201, 22. 2ἓ5, 189271, 5. ἐξ, 17.4
88191111117111817117 181111 ’2 ’¹⁹⁸’ ' ¹²’'
cepo 11111111 adiit (Heyn.) 68, 10. 1111116115,2.26,11. 15216. 159,2
11111... 111. 111. 11, 11 11, 1. 191, 1. 111, 11
28, 18. 86, 8. 16. 87, 21. 15, 15. ἐκπεσών κοινωνοῦ 210,1. ’1111-
11, 11. 11, 1. 11. 11. 11111. „aaa 11111111.. 1111 1
8281881 133, 161 137. mo 142, 13. om 2453210

 

